1
18
17
26
11
10
9
12
13
50
51
61
60
59
93
92
97
98
96
95
94
165
166
167
164
136
137
122
121
123
124
125
129
128
127
213
214
224
225
226
227
228
272
271
270
182
106
107
108
109
170
171
172
173
174
218
256
257
258
259
255
254
233
232
216
215
283
282
294
295
296
273
274
275
238
237
236
235
239
240
241
242
306
307
308
209
208
207
206
114
113
112
111
115
116
117
118
52
53
54
49
48
47
46
45
147
148
130
131
132
229
293
292
386
387
435
434
436
437
438
439
440
344
345
346
347
310
309
366
367
289
290
291
311
253
252
251
211
210
212
213
234
276
277
297
298
299
300
301
197
198
196
195
194
199
200
224
225
226
320
321
322
319
318
232
205
238
201
241
243
244
245
246
340
339
341
342
343
402
403
401
400
384
385
383
382
327
326
325
324
441
442
443
390
389
391
392
418
302
248
249
250
415
296
421
422
420
419
528
620
619
599
598
652
651
650
765
766
767
768
837
838
839
840
841
842
740
741
628
629
637
638
536
535
537
534
533
472
471
470
473
474
475
476
477
478
591
590
589
588
587
655
654
653
698
806
807
805
903
902
901
904
905
906
899
900
890
889
891
892
893
962
947
946
945
944
971
970
969
972
968
940
1036
1037
998
999
894
895
963
964
965
966
967
1000
1001
1002
929
928
930
931
932
933
934
941
992
1047
1048
1049
1050
1051
1052
973
974
997
996
995
1102
1103
1104
1105
1146
1145
1147
1148
1166
1165
1167
1144
1127
1128
1129
1130
1120
1086
989
988
1054
1055
1056
1057
993
994
1021
1022
1023
1024
1025
1026
1027
1028
1029
1030
979
980
981
872
871
870
853
854
855
856
857
858
859
860
861
862
760
759
761
884
885
886
887
977
978
943
942
947
948
949
950
951
952
953
1053
954
955
1070
1069
1068
1071
1072
1073
1074
1087
1088
972
912
911
882
881
880
780
781
782
783
784
785
773
774
775
776
693
692
610
609
488
487
400
399
401
402
528
529
642
643
641
646
647
645
763
764
649
650
608
607
606
605
604
600
601
599
602
603
543
544
442
558
557
559
560
561
593
592
591
590
546
547
548
619
622
621
620
717
718
716
719
813
814
757
758
759
756
755
769
768
683
682
681
847
846
918
917
919
920
921
922
987
986
985
984
994
993
992
1026
1037
1038
1039
988
989
990
991
938
939
940
941
1031
1032
1033
1034
927
928
926
925
911
954
953
1005
1006
1007
1129
1130
1131
1132
1133
1134
1135
1136
1137
1258
1259
1260
1261
1257
1256
1243
1242
1241
1244
1266
1265
1290
1262
1263
1264
1269
1268
1267
1189
1190
1191
1192
1105
1174
1175
1138
1139
1140
1328
1329
1330
1327
1208
1209
1287
1286
1196
1164
1163
1165
1166
1167
1168
1077
1078
970
971
972
969
968
814
758
671
672
673
670
669
668
667
795
794
764
765
766
767
842
843
844
835
834
836
775
776
662
663
614
615
616
553
554
555
556
629
630
631
543
544
542
541
540
539
538
534
533
532
531
611
706
705
704
703
702
701
707
830
831
829
774
773
772
713
712
711
710
535
536
537
665
664
666
699
698
632
633
634
552
551
550
549
557
568
567
569
570
692
693
694
816
817
818
819
820
821
822
823
824
853
852
854
855
856
983
982
981
984
918
917
919
920
921
951
771
770
769
768
767
777
778
779
657
658
659
660
661
572
571
599
740
739
848
849
850
851
807
808
668
640
641
642
639
638
637
648
697
696
684
685
686
687
688
689
690
691
729
730
731
732
544
543
545
601
600
598
597
602
603
562
561
563
564
470
471
362
361
360
253
254
255
256
257
258
188
187
189
190
191
192
193
194
195
196
197
198
126
127
14
13
132
133
134
135
136
131
130
153
152
154
155
268
267
266
347
348
346
475
476
477
478
479
480
390
389
312
311
313
418
417
416
415
285
286
287
288
289
290
243
242
241
240
239
345
344
459
458
395
396
397
398
399
400
301
371
388
437
436
435
438
439
440
441
487
488
489
490
486
485
484
515
516
517
518
519
428
270
271
272
273
274
205
206
147
146
148
149
150
151
81
82
80
46
45
44
18
19
29
28
27
47
48
142
143
144
145
100
99
98
180
179
181
182
118
101
102
220
79
78
35
36
116
117
153
154
155
156
157
158
159
160
207
253
252
251
250
249
313
314
315
316
326
327
328
329
330
269
163
164
162
161
277
276
395
396
397
464
463
465
466
467
522
523
521
520
468
469
470
471
472
376
375
374
373
372
393
392
380
379
476
477
585
586
587
588
448
449
447
450
451
489
490
524
571
513
514
515
516
406
405
404
407
408
389
388
390
391
394
325
324
323
322
321
320
424
425
426
437
436
435
518
519
517
540
539
538
670
671
672
761
762
684
685
683
686
728
729
727
726
730
845
938
939
940
941
908
907
906
812
813
811
810
882
881
880
768
769
770
771
772
710
711
712
850
851
852
853
854
993
992
991
994
995
1046
1108
1107
1109
1110
1111
1112
1113
1114
1058
1059
1060
1061
1062
1063
1064
1065
1066
1067
1068
1069
1011
1012
1013
1014
896
897
898
895
894
796
731
719
803
809
704
703
721
722
720
713
702
701
627
628
600
601
599
602
603
604
598
597
596
595
647
648
646
645
530
531
529
551
552
550
549
548
547
426
427
656
657
564
563
562
565
561
443
442
441
440
439
438
437
430
431
429
428
425
424
423
416
417
511
512
513
444
317
316
315
314
313
312
311
204
205
206
71
72
70
69
73
74
128
129
130
127
126
125
58
57
56
43
44
45
114
115
116
117
118
119
19
20
150
149
148
91
103
104
105
90
92
89
88
87
86
85
203
238
239
240
241
242
113
14
15
16
17
18
251
250
165
166
167
168
169
188
187
186
189
190
191
192
252
253
254
245
246
244
247
248
310
243
280
146
145
144
207
208
291
290
292
293
269
270
271
359
360
361
228
227
229
230
231
232
151
152
153
21
22
110
111
112
220
219
221
218
217
349
350
351
352
353
225
224
223
226
341
309
308
307
204
202
201
200
215
216
294
295
296
179
178
143
142
141
10
11
116
117
118
119
120
140
139
138
257
258
147
65
66
64
63
62
61
60
59
84
83
82
80
79
78
77
114
115
7
6
8
9
89
88
90
91
181
182
183
184
185
186
187
272
273
271
330
190
191
192
320
319
321
322
323
412
411
394
395
396
393
392
423
422
533
532
534
535
536
537
531
651
650
654
653
652
688
687
686
689
655
656
591
592
593
690
691
692
693
694
723
724
725
726
639
640
559
558
557
556
555
501
500
502
503
504
505
506
585
623
622
764
765
766
763
907
947
946
945
944
798
797
799
800
713
712
711
908
909
910
1017
1018
1127
1128
1034
1033
1035
1167
1166
1269
1270
1271
1410
1411
1465
1466
1467
1468
1464
1346
1347
1408
1409
1492
1493
1362
1361
1327
1328
1349
1348
1379
1404
1403
1402
1500
1501
1502
1499
1498
1558
1559
1679
1680
1681
1682
1683
1684
1685
1787
1788
1786
1785
1789
1790
1791
1792
1793
1794
1795
1796
1924
1925
1926
1927
1834
1835
1833
1809
1865
1974
1973
1944
1945
1946
1947
1956
1957
1958
2038
2037
2036
2035
2039
2040
2041
2042
2043
2044
2045
2046
2047
2048
2173
2088
2089
2055
2056
2057
2054
2058
2059
1951
1950
1952
1949
2005
2006
2007
2120
2119
2118
2231
2230
2131
2130
2129
2128
2093
2092
2091
1808
1807
1806
1805
1828
1827
1829
1970
1971
1969
1972
1866
1867
1876
1877
1959
1881
1882
1812
1720
1721
1722
1842
1892
1893
1894
1891
1811
1810
1813
1814
1852
1853
1704
1703
1702
1682
1683
1684
1685
1686
1711
1573
1574
1575
1576
1651
1650
1652
1530
1529
1646
1645
1647
1772
1924
1793
1792
1794
1791
1790
1656
1655
1654
1657
1658
1659
1660
1661
1662
1663
1664
1665
1542
1543
1544
1541
1540
1539
1674
1675
1769
1631
1632
1633
1761
1762
1763
1764
1765
1766
1767
1872
1873
1874
1933
1932
1931
1930
1929
2026
2025
2024
2023
1935
1940
1941
1939
1938
1966
1815
1816
1834
1835
1836
1837
1838
1839
1840
1841
1843
1844
1845
1918
1919
1920
1921
1922
1923
1859
1858
1857
1860
1861
1862
1863
1800
1799
1798
1801
1802
1803
1804
1805
1806
1677
1678
1679
1680
1788
1789
1787
1795
1796
1797
1690
1691
1689
1886
1887
1885
1888
1996
1995
2047
2048
2049
2074
2075
2027
2028
1904
1903
1905
1906
1907
1902
1968
1967
2076
2077
2078
2122
2121
2120
2155
2156
2194
2193
2192
2134
2094
2093
2092
2091
2090
2089
2088
2210
2209
2208
2207
2252
2251
2253
2314
2191
2190
2081
2082
2132
2133
2131
2278
2319
2320
2321
2268
2267
2266
2161
2160
2159
2298
2433
2432
2431
2434
2435
2300
2301
2299
2297
2374
2373
2375
2376
2347
2348
2346
2345
2344
2343
2342
2341
2340
2211
2212
2213
2214
2215
2216
2217
2080
2083
2084
2228
2229
2230
2231
2232
2233
2234
2235
2225
2226
2227
2154
2195
2196
2110
2109
2108
2107
1973
1974
1972
1975
1884
1883
1882
1885
1799
1798
1800
1801
1802
1803
1719
1764
1808
1807
1806
1805
1848
1849
1809
1852
1853
1854
1786
1785
1787
1788
1869
1870
1868
1867
1748
1765
1766
1767
1768
1769
1623
1622
1621
1687
1688
1689
1749
1750
1751
1752
1753
1754
1755
1756
1757
1843
1844
1845
1876
1877
1875
1625
1624
1658
1659
1780
1903
1988
1880
1879
1881
2024
2025
2026
1931
1930
1929
1783
1782
1784
1695
1694
1693
1692
1691
1696
1713
1712
1711
1710
1590
1591
1514
1515
1614
1613
1519
1404
1403
1405
1406
1407
1408
1378
1379
1380
1381
1382
1454
1453
1414
1470
1469
1471
1326
1327
1328
1329
1330
1302
1301
1300
1299
1298
1324
1323
1322
1321
1338
1335
1334
1333
1336
1337
1203
1202
1201
1200
1204
1205
1206
1207
1208
1209
1340
1227
1228
1355
1356
1267
1268
1393
1392
1391
1390
1389
1394
1395
1396
1397
1398
1347
1346
1348
1349
1251
1110
1111
1056
1057
1055
1054
1058
1059
1060
1197
1198
1199
1053
960
961
962
1010
1011
1012
1013
974
973
975
976
977
978
979
1067
1068
1154
1160
1161
1292
1291
1293
1238
1237
1236
1285
1284
1286
1287
1288
1289
1221
1222
1223
1224
1196
1215
1214
1216
1217
1218
1297
1296
1300
1301
1192
1191
1190
1182
1183
1184
1185
1186
1157
1156
1155
1220
1225
1076
1077
1078
1083
1084
1085
1086
1087
1088
1202
1203
1090
1091
1092
1117
1116
1163
1162
1149
1148
1125
1126
1271
1272
1158
1159
1187
1193
1194
1195
1200
1201
1259
1260
1371
1370
1369
1455
1515
1516
1517
1518
1422
1421
1367
1366
1368
1365
1386
1387
1388
1389
1390
1391
1392
1393
1394
1464
1395
1396
1525
1524
1523
1661
1662
1663
1775
1776
1777
1778
1779
1780
1781
1782
1715
1714
1713
1733
1596
1595
1597
1598
1599
1668
1669
1670
1671
1672
1673
1567
1467
1468
1469
1470
1471
1472
1459
1458
1460
1496
1495
1494
1493
1432
1433
1434
1541
1566
1565
1564
1563
1562
1613
1612
1611
1664
1665
1666
1797
1796
1783
1784
1712
1711
1710
1709
1582
1538
1539
1589
1590
1588
1587
1586
1604
1603
1602
1638
1637
1639
1640
1641
1642
1643
1644
1625
1626
1627
1628
1629
1630
1721
1722
1614
1615
1616
1608
1607
1606
1631
1632
1633
1760
1688
1811
1810
1809
1808
1946
1945
1947
1948
2090
2089
2088
2087
2091
2092
1993
1994
1903
1904
1902
2045
2044
2046
2047
2138
2139
2140
2141
2082
2083
2084
2085
2086
2101
2100
2099
2102
2103
2104
2012
2011
2010
2058
2059
2031
2032
2033
2034
2035
2006
2007
2008
2009
2014
2015
2016
2013
1937
2000
1999
1865
1775
1776
1777
1868
1869
1870
1871
1872
1873
1874
1875
1835
1836
1837
1838
1839
1840
1841
1705
1789
1876
1877
1878
1879
1880
1881
1882
1891
1742
1743
1739
1740
1738
1737
1736
1832
1778
1855
1856
1962
1961
1963
1960
1959
1958
1957
1956
1955
2036
2037
2038
2039
2040
2041
2042
1971
1808
1809
1810
1926
1925
1779
1780
1698
1699
1697
1727
1728
1729
1772
1773
1781
1763
1762
1637
1638
1708
1707
1706
1709
1664
1663
1665
1666
1730
1731
1732
1733
1671
1670
1669
1668
1684
1685
1686
1687
1688
1689
1825
1826
1704
1656
1657
1577
1578
1507
1508
1509
1510
1511
1512
1513
1628
1627
1626
1625
1478
1477
1476
1479
1480
1496
1497
1495
1502
1503
1504
1505
1501
1500
1499
1536
1594
1595
1538
1539
1540
1681
1680
1764
1822
1895
1896
1897
1898
1790
1791
1894
1789
1788
1838
1839
1832
1831
1833
1834
1835
1955
1836
1837
1840
1841
1842
1792
1793
1701
1700
1702
1600
1601
1602
1603
1605
1606
1607
1467
1468
1469
1470
1471
1472
1473
1474
1475
1591
1590
1452
1451
1544
1545
1546
1547
1548
1549
1558
1557
1556
1559
1560
1561
1562
1563
1599
1598
1597
1742
1695
1694
1693
1696
1697
1698
1645
1714
1637
1636
1635
1638
1639
1640
1713
1715
1576
1575
1577
1440
1439
1441
1442
1443
1309
1310
1311
1312
1347
1348
1346
1345
1406
1407
1408
1409
1405
1404
1403
1402
1541
1542
1543
1580
1581
1644
1646
1712
1711
1710
1716
1703
1789
1790
1788
1787
1786
1675
1674
1676
1564
1686
1687
1685
1688
1752
1753
1754
1755
1756
1757
1758
1759
1760
1761
1762
1690
1593
1594
1484
1483
1482
1481
1528
1527
1433
1434
1435
1436
1437
1438
1446
1447
1445
1448
1449
1450
1460
1461
1462
1521
1657
1658
1656
1655
1654
1653
1652
1651
1650
1584
1583
1582
1554
1555
1637
1636
1638
1639
1640
1641
1642
1643
1647
1776
1777
1778
1779
1783
1784
1785
1880
1881
1879
1878
1955
1956
1954
1975
1976
1974
2115
2116
2117
2118
2119
2120
2008
2009
2007
2006
1927
1926
1925
1971
1972
1970
2103
2104
2105
2106
2107
2108
2109
1993
1994
1995
2038
2037
2039
2040
2026
2025
2027
2028
2113
2114
2128
2127
2129
2249
2248
2247
2356
2355
2357
2467
2468
2466
2469
2470
2471
2409
2410
2408
2407
2406
2381
2382
2383
2243
2242
2244
2336
2337
2455
2454
2456
2457
2328
2327
2326
2284
2283
2412
2413
2414
2275
2276
2277
2278
2279
2189
2190
2250
2101
2100
2177
2176
2175
2061
2060
2046
2047
2048
2019
2018
2017
1919
1918
1917
1920
1921
1922
1923
1924
1911
1912
1859
1858
1872
1871
1870
1941
1942
1943
1944
1945
1946
1947
1939
1940
1938
1937
1893
2010
2011
2012
2013
1929
1928
1785
1786
1787
1784
1817
1818
1816
1815
1814
1813
1857
1856
1855
1753
1754
1659
1660
1661
1662
1611
1610
1609
1608
1701
1700
1702
1703
1704
1678
1699
1698
1620
1621
1622
1488
1497
1519
1392
1391
1393
1394
1278
1279
1390
1389
1388
1317
1316
1315
1434
1435
1436
1295
1294
1293
1292
1231
1306
1305
1304
1307
1308
1312
1311
1310
1309
1224
1223
1222
1225
1173
1174
1175
1176
1177
1178
1179
1248
1249
1250
1251
1440
1439
1441
1447
1448
1449
1354
1355
1356
1357
1467
1468
1469
1470
1471
1395
1396
1397
1398
1510
1511
1512
1513
1500
1499
1498
1425
1424
1426
1501
1502
1503
1504
1505
1627
1681
1680
1682
1683
1684
1687
1688
1689
1575
1576
1577
1475
1474
1473
1472
1378
1379
1373
1372
1371
1370
1228
1229
1227
1226
1230
1364
1322
1321
1404
1405
1406
1407
1543
1542
1544
1658
1657
1800
1801
1799
1948
1808
1863
1862
1850
1722
1592
1714
1713
1776
1777
1775
1667
1624
1625
1626
1767
1768
1812
1813
1695
1696
1697
1698
1699
1840
1839
1869
1918
1919
1785
1786
1897
1898
1899
1900
1901
1914
1915
1913
1984
1983
2073
2072
2153
2152
2154
2155
2161
2160
2159
2179
2178
2180
2181
2182
2290
2279
2280
2281
2282
2283
2398
2397
2396
2395
2457
2308
2309
2307
2306
2305
2304
2303
2207
2208
2209
2210
2206
2205
2302
2301
2300
2299
2259
2258
2257
2130
2131
2132
2133
2134
2129
2128
2115
2116
2117
2321
2322
2401
2310
2311
2312
2190
2191
2192
2327
2328
2329
2330
2326
2325
2345
2344
2343
2342
2346
2347
2353
2354
2355
2356
2357
2461
2462
2463
2573
2574
2575
2576
2577
2578
2579
2580
2581
2582
2583
2584
2542
2543
2544
2649
2546
2547
2548
2549
2550
2551
2545
2481
2363
2364
2365
2366
2367
2368
2313
2314
2352
2456
2455
2454
2227
2228
2348
2349
2291
2290
2289
2288
2287
2292
2293
2324
2323
2240
2241
2239
2238
2094
2093
2095
2096
1937
1936
1935
1874
1908
1907
1905
1904
1906
1824
1823
1822
1821
1820
1682
1787
1788
1670
1671
1672
1551
1552
1553
1554
1555
1556
1534
1498
1499
1500
1501
1502
1359
1503
1504
1421
1422
1423
1424
1425
1426
1268
1221
1222
1223
1224
1225
1226
1227
1228
1229
1230
1231
1232
1233
1234
1235
1126
1125
1124
1123
1122
1121
1120
1082
1083
953
952
954
955
956
957
958
1060
1059
1058
1057
1056
1055
1054
945
944
943
912
913
873
988
989
990
939
940
938
937
972
971
970
973
974
975
976
977
965
964
963
962
961
960
959
885
886
747
748
774
775
776
777
778
715
716
717
566
565
567
597
596
598
599
600
601
512
513
514
372
373
374
451
452
453
454
511
515
510
492
491
493
494
481
482
483
440
439
438
337
336
338
335
279
280
370
371
433
432
353
354
355
316
317
318
187
188
189
190
191
192
193
69
70
71
72
73
74
112
113
7
8
9
10
11
82
83
165
166
167
168
219
220
221
218
217
222
223
224
225
226
282
283
284
215
216
214
66
67
68
149
150
151
17
16
18
126
125
169
170
171
182
183
281
367
366
365
397
398
399
293
294
295
227
245
246
247
248
289
288
349
350
351
352
356
201
202
203
204
98
99
100
97
96
127
128
129
30
29
85
184
185
186
94
95
164
163
162
161
76
77
78
58
59
57
56
233
234
235
336
335
334
236
313
312
311
310
309
308
407
408
409
322
321
320
218
219
220
221
427
428
426
425
490
491
636
635
652
653
654
655
527
526
525
524
681
680
802
891
892
838
839
840
841
842
902
901
903
904
861
862
863
864
846
847
845
844
906
907
905
908
857
856
858
855
854
859
790
915
948
947
946
1074
1075
1076
1077
1153
1154
1155
1227
1226
1225
1129
1128
1127
993
992
991
994
995
996
997
998
999
912
911
921
922
923
924
795
796
794
793
720
834
835
836
833
832
811
812
813
744
743
742
767
692
691
690
733
732
837
865
866
867
910
909
770
771
772
773
774
775
776
777
705
704
808
809
810
807
763
764
850
851
852
853
783
782
814
741
884
920
919
918
917
916
892
891
893
856
857
913
825
826
827
818
817
719
721
722
723
724
881
906
907
905
904
903
757
758
759
760
761
933
932
854
855
858
859
860
861
801
806
805
786
785
688
687
686
685
684
683
841
840
842
843
844
845
846
847
711
710
712
698
699
697
700
701
702
638
639
640
641
642
482
483
534
533
532
384
385
317
318
319
320
321
322
323
377
376
378
379
380
381
382
438
439
440
358
359
470
471
354
246
247
201
202
203
204
205
206
229
230
231
228
227
187
128
127
50
51
52
129
126
130
131
132
14
107
108
109
110
111
112
113
234
302
303
411
412
424
425
426
427
428
429
430
431
579
578
580
581
582
583
584
585
586
587
588
589
674
673
675
676
677
678
679
680
536
537
405
404
403
402
341
340
339
338
494
551
550
549
548
613
614
615
616
716
